import QtQuick
import QtQuick3D

Node {
    id: node

    // Resources
    PrincipledMaterial {
        id: defaultMaterial_material
        objectName: "DefaultMaterial"
        baseColor: "#ffcccccc"
    }
    Skin {
        id: skin
        joints: [
            root,
            pelvis,
            spine_01,
            spine_02,
            spine_03,
            spine_04,
            spine_05,
            neck_01,
            neck_02,
            head,
            clavicle_l,
            upperarm_l,
            lowerarm_l,
            lowerarm_twist_02_l,
            lowerarm_twist_01_l,
            hand_l,
            middle_metacarpal_l,
            middle_01_l,
            middle_02_l,
            middle_03_l,
            pinky_metacarpal_l,
            pinky_01_l,
            pinky_02_l,
            pinky_03_l,
            ring_metacarpal_l,
            ring_01_l,
            ring_02_l,
            ring_03_l,
            thumb_01_l,
            thumb_02_l,
            thumb_03_l,
            index_metacarpal_l,
            index_01_l,
            index_02_l,
            index_03_l,
            upperarm_twist_01_l,
            upperarm_twist_02_l,
            clavicle_r,
            upperarm_r,
            lowerarm_r,
            lowerarm_twist_02_r,
            lowerarm_twist_01_r,
            hand_r,
            middle_metacarpal_r,
            middle_01_r,
            middle_02_r,
            middle_03_r,
            pinky_metacarpal_r,
            pinky_01_r,
            pinky_02_r,
            pinky_03_r,
            ring_metacarpal_r,
            ring_01_r,
            ring_02_r,
            ring_03_r,
            thumb_01_r,
            thumb_02_r,
            thumb_03_r,
            index_metacarpal_r,
            index_01_r,
            index_02_r,
            index_03_r,
            upperarm_twist_01_r,
            upperarm_twist_02_r,
            thigh_r,
            calf_r,
            foot_r,
            ball_r,
            calf_twist_02_r,
            calf_twist_01_r,
            thigh_twist_01_r,
            thigh_twist_02_r,
            thigh_l,
            calf_l,
            foot_l,
            ball_l,
            calf_twist_02_l,
            calf_twist_01_l,
            thigh_twist_01_l,
            thigh_twist_02_l,
            ik_foot_root,
            ik_foot_l,
            ik_foot_r,
            ik_hand_root,
            ik_hand_gun,
            ik_hand_l,
            ik_hand_r,
            interaction,
            center_of_mass
        ]
        inverseBindPoses: [
            Qt.matrix4x4(1, 0, 0, 0, 0, 1, 4.37114e-08, 0, 0, -4.37114e-08, 1, 0, 0, 0, 0, 1),
            Qt.matrix4x4(6.11113e-17, 0.0628366, 0.998024, -98.3487, -6.508e-17, 0.998024, -0.0628366, 8.57631, -1, -6.11113e-17, 6.508e-17, -6.56836e-15, 0, 0, 0, 1),
            Qt.matrix4x4(-3.08519e-08, -0.23589, 0.97178, -98.8301, -1.60314e-06, 0.97178, 0.23589, -21.7013, -1, -1.55062e-06, -4.08146e-07, 3.71305e-05, 0, 0, 0, 1),
            Qt.matrix4x4(2.13163e-14, -0.118735, 0.992926, -105.661, 9.09941e-07, 0.992926, 0.118735, -9.21012, -1, 9.03504e-07, 1.08042e-07, -8.3e-06, 0, 0, 0, 1),
            Qt.matrix4x4(1.3036e-08, 0.0610852, 0.998132, -113.104, -2.4008e-06, 0.998132, -0.0610852, 11.2361, -1, -2.39552e-06, 1.59665e-07, -2.92753e-05, 0, 0, 0, 1),
            Qt.matrix4x4(-3.0115e-08, 0.207582, 0.978218, -118.965, -5.8e-06, 0.978218, -0.207582, 29.0943, -1, -5.67991e-06, 1.17452e-06, -0.000173128, 0, 0, 0, 1),
            Qt.matrix4x4(8.40592e-09, 0.211993, 0.977271, -136.331, -2.10727e-06, 0.977271, -0.211993, 29.7096, -1, -2.05759e-06, 4.54941e-07, -6.36908e-05, 0, 0, 0, 1),
            Qt.matrix4x4(-8.49198e-08, -0.223168, 0.97478, -146.829, -2.10723e-06, 0.97478, 0.223168, -36.0701, -1, -2.03514e-06, -5.53046e-07, 8.86005e-05, 0, 0, 0, 1),
            Qt.matrix4x4(-1.93765e-07, -0.212881, 0.977078, -153.049, 5.67134e-06, 0.977078, 0.212881, -34.4587, -1, 5.58259e-06, 1.01799e-06, -0.000200513, 0, 0, 0, 1),
            Qt.matrix4x4(2.53229e-08, -4.37114e-08, 1, -162.503, -6.12323e-17, 1, 4.37114e-08, 0.138235, -1, -1.16813e-15, 2.53229e-08, -4.6e-06, 0, 0, 0, 1),
            Qt.matrix4x4(0.989395, 0.0276557, -0.142592, 19.6991, -0.0278321, 0.999612, 0.000757347, -2.16819, 0.142558, 0.00321932, 0.989781, -143.674, 0, 0, 0, 1),
            Qt.matrix4x4(0.603175, -0.0274434, -0.797136, 104.245, -0.0291639, 0.997981, -0.0564256, 6.02513, 0.797075, 0.0572822, 0.601157, -98.8083, 0, 0, 0, 1),
            Qt.matrix4x4(0.501038, -0.618427, -0.605399, 58.2595, 0.337094, 0.783751, -0.521634, 50.9407, 0.797075, 0.0572822, 0.601157, -98.8083, 0, 0, 0, 1),
            Qt.matrix4x4(0.504099, -0.617317, -0.60399, 49.2892, 0.338491, 0.784618, -0.519421, 50.636, 0.794549, 0.0573949, 0.604481, -99.1006, 0, 0, 0, 1),
            Qt.matrix4x4(0.504099, -0.617317, -0.603989, 40.5909, 0.338491, 0.784618, -0.519421, 50.6462, 0.794549, 0.0573947, 0.604481, -99.0715, 0, 0, 0, 1),
            Qt.matrix4x4(0.368954, -0.566884, -0.736556, 52.7408, -0.747937, 0.289376, -0.597371, 101.157, 0.551781, 0.771299, -0.317228, 19.4465, 0, 0, 0, 1),
            Qt.matrix4x4(0.4784, -0.571128, -0.667043, 37.2875, -0.694474, 0.218826, -0.685435, 106.678, 0.537438, 0.791156, -0.291947, 18.1924, 0, 0, 0, 1),
            Qt.matrix4x4(0.193704, -0.372098, -0.907756, 73.5923, -0.861021, 0.37902, -0.339095, 83.5094, 0.470234, 0.847282, -0.246967, 18.1153, 0, 0, 0, 1),
            Qt.matrix4x4(-0.103415, -0.234181, -0.966677, 92.1163, -0.876159, 0.481477, -0.0229084, 56.3863, 0.470797, 0.844594, -0.254971, 18.7909, 0, 0, 0, 1),
            Qt.matrix4x4(-0.145058, -0.206725, -0.967586, 91.9788, -0.870022, 0.492366, 0.0252372, 51.8766, 0.471189, 0.845482, -0.251277, 18.45, 0, 0, 0, 1),
            Qt.matrix4x4(0.43112, -0.193205, -0.881367, 67.0708, -0.901394, -0.0486002, -0.430263, 86.1671, 0.0402943, 0.979954, -0.195106, 32.3016, 0, 0, 0, 1),
            Qt.matrix4x4(0.237893, -0.218043, -0.946501, 77.937, -0.970034, -0.00375698, -0.242942, 71.8357, 0.0494157, 0.975932, -0.212402, 33.489, 0, 0, 0, 1),
            Qt.matrix4x4(-0.113212, -0.202642, -0.972687, 95.411, -0.99241, 0.0703829, 0.100845, 41.2844, 0.0480251, 0.97672, -0.209072, 33.253, 0, 0, 0, 1),
            Qt.matrix4x4(-0.169292, -0.196892, -0.965698, 95.8606, -0.984387, 0.0816817, 0.155914, 35.9006, 0.0481817, 0.977017, -0.207646, 33.1162, 0, 0, 0, 1),
            Qt.matrix4x4(0.524908, -0.381845, -0.760701, 47.652, -0.794608, 0.100492, -0.598748, 100.505, 0.305073, 0.918747, -0.250668, 25.6827, 0, 0, 0, 1),
            Qt.matrix4x4(0.250891, -0.344796, -0.904527, 71.1533, -0.921084, 0.202386, -0.332631, 82.1934, 0.297754, 0.9166, -0.26681, 27.6078, 0, 0, 0, 1),
            Qt.matrix4x4(-0.186765, -0.226113, -0.956028, 96.2357, -0.936448, 0.335134, 0.103677, 43.9321, 0.296955, 0.914635, -0.274335, 28.3278, 0, 0, 0, 1),
            Qt.matrix4x4(-0.259801, -0.192465, -0.946287, 96.4219, -0.918485, 0.351801, 0.180615, 36.2707, 0.298143, 0.916075, -0.268175, 27.729, 0, 0, 0, 1),
            Qt.matrix4x4(-0.229262, -0.783382, -0.577712, 56.4523, 0.388988, 0.470329, -0.792136, 73.1841, 0.89226, -0.40633, 0.196897, -66.5238, 0, 0, 0, 1),
            Qt.matrix4x4(0.0176896, -0.613513, -0.789486, 66.192, 0.427503, 0.718434, -0.548719, 52.1244, 0.903841, -0.327801, 0.274988, -73.269, 0, 0, 0, 1),
            Qt.matrix4x4(0.0769069, -0.500801, -0.862139, 70.667, 0.420807, 0.800214, -0.427292, 42.2474, 0.903884, -0.329933, 0.272283, -73.0514, 0, 0, 0, 1),
            Qt.matrix4x4(0.362267, -0.658079, -0.660072, 40.0471, -0.509675, 0.453059, -0.731416, 106.996, 0.780381, 0.60139, -0.171278, -7.0508, 0, 0, 0, 1),
            Qt.matrix4x4(0.234166, -0.424123, -0.874806, 67.2225, -0.730959, 0.516464, -0.446053, 90.3414, 0.640988, 0.743897, -0.189078, 4.39817, 0, 0, 0, 1),
            Qt.matrix4x4(0.078113, -0.313643, -0.946322, 79.6752, -0.762548, 0.59266, -0.259371, 75.7438, 0.642198, 0.741877, -0.192874, 4.65641, 0, 0, 0, 1),
            Qt.matrix4x4(0.0776029, -0.31455, -0.946063, 77.1674, -0.762531, 0.592592, -0.259575, 75.7604, 0.64228, 0.741547, -0.193867, 4.73747, 0, 0, 0, 1),
            Qt.matrix4x4(0.606493, -0.0269654, -0.794632, 94.8027, -0.029308, 0.997987, -0.0562352, 6.00244, 0.794549, 0.0573953, 0.604482, -99.2051, 0, 0, 0, 1),
            Qt.matrix4x4(0.603175, -0.0274434, -0.797136, 86.1847, -0.0291639, 0.997981, -0.0564256, 6.02513, 0.797075, 0.0572822, 0.601157, -98.8083, 0, 0, 0, 1),
            Qt.matrix4x4(0.989395, -0.0276557, 0.142592, -19.699, -0.0278321, -0.999612, -0.000757347, 2.16819, 0.142558, -0.00321932, -0.989781, 143.674, 0, 0, 0, 1),
            Qt.matrix4x4(0.603176, 0.0274434, 0.797136, -104.245, -0.0291638, -0.997981, 0.0564257, -6.02513, 0.797075, -0.0572821, -0.601157, 98.8083, 0, 0, 0, 1),
            Qt.matrix4x4(0.501038, 0.618427, 0.605399, -58.2599, 0.337094, -0.783751, 0.521634, -50.941, 0.797075, -0.0572822, -0.601157, 98.8083, 0, 0, 0, 1),
            Qt.matrix4x4(0.504099, 0.617317, 0.60399, -49.2894, 0.338491, -0.784618, 0.519421, -50.6362, 0.794549, -0.0573949, -0.604481, 99.1005, 0, 0, 0, 1),
            Qt.matrix4x4(0.504099, 0.617317, 0.603989, -40.591, 0.338491, -0.784618, 0.519421, -50.6464, 0.794549, -0.0573947, -0.604481, 99.0714, 0, 0, 0, 1),
            Qt.matrix4x4(0.368954, 0.566884, 0.736556, -52.7409, -0.747937, -0.289376, 0.597371, -101.157, 0.551781, -0.771299, 0.317228, -19.4467, 0, 0, 0, 1),
            Qt.matrix4x4(0.4784, 0.571128, 0.667043, -37.2875, -0.694474, -0.218826, 0.685435, -106.678, 0.537438, -0.791156, 0.291947, -18.1923, 0, 0, 0, 1),
            Qt.matrix4x4(0.193704, 0.372098, 0.907756, -73.5923, -0.861021, -0.37902, 0.339095, -83.5094, 0.470234, -0.847282, 0.246967, -18.1153, 0, 0, 0, 1),
            Qt.matrix4x4(-0.103415, 0.234181, 0.966677, -92.1163, -0.876159, -0.481477, 0.0229083, -56.3863, 0.470797, -0.844594, 0.254971, -18.7909, 0, 0, 0, 1),
            Qt.matrix4x4(-0.145058, 0.206725, 0.967586, -91.9788, -0.870022, -0.492366, -0.0252372, -51.8767, 0.471189, -0.845482, 0.251277, -18.4499, 0, 0, 0, 1),
            Qt.matrix4x4(0.43112, 0.193205, 0.881367, -67.0709, -0.901394, 0.0486002, 0.430263, -86.1671, 0.0402943, -0.979954, 0.195106, -32.3016, 0, 0, 0, 1),
            Qt.matrix4x4(0.237893, 0.218043, 0.946501, -77.937, -0.970034, 0.00375698, 0.242942, -71.8356, 0.0494157, -0.975932, 0.212402, -33.4889, 0, 0, 0, 1),
            Qt.matrix4x4(-0.113212, 0.202642, 0.972687, -95.411, -0.99241, -0.0703829, -0.100845, -41.2844, 0.0480251, -0.97672, 0.209072, -33.2531, 0, 0, 0, 1),
            Qt.matrix4x4(-0.169292, 0.196892, 0.965698, -95.8606, -0.984387, -0.0816817, -0.155914, -35.9006, 0.0481817, -0.977017, 0.207646, -33.1162, 0, 0, 0, 1),
            Qt.matrix4x4(0.524908, 0.381845, 0.760701, -47.652, -0.794608, -0.100492, 0.598748, -100.505, 0.305073, -0.918747, 0.250668, -25.6827, 0, 0, 0, 1),
            Qt.matrix4x4(0.250891, 0.344796, 0.904527, -71.1532, -0.921084, -0.202386, 0.332631, -82.1934, 0.297754, -0.9166, 0.26681, -27.6078, 0, 0, 0, 1),
            Qt.matrix4x4(-0.186766, 0.226113, 0.956029, -96.2356, -0.936449, -0.335134, -0.103677, -43.9321, 0.296955, -0.914635, 0.274335, -28.3278, 0, 0, 0, 1),
            Qt.matrix4x4(-0.259801, 0.192465, 0.946287, -96.422, -0.918485, -0.351801, -0.180615, -36.2708, 0.298143, -0.916075, 0.268175, -27.729, 0, 0, 0, 1),
            Qt.matrix4x4(-0.229262, 0.783382, 0.577712, -56.4522, 0.388988, -0.470329, 0.792136, -73.1841, 0.89226, 0.40633, -0.196897, 66.5238, 0, 0, 0, 1),
            Qt.matrix4x4(0.0176896, 0.613513, 0.789486, -66.1919, 0.427503, -0.718434, 0.54872, -52.1244, 0.903841, 0.327801, -0.274988, 73.269, 0, 0, 0, 1),
            Qt.matrix4x4(0.0769069, 0.500801, 0.862139, -70.667, 0.420807, -0.800214, 0.427292, -42.2474, 0.903884, 0.329933, -0.272283, 73.0514, 0, 0, 0, 1),
            Qt.matrix4x4(0.362267, 0.658079, 0.660072, -40.0471, -0.509675, -0.453059, 0.731416, -106.996, 0.780381, -0.60139, 0.171278, 7.05084, 0, 0, 0, 1),
            Qt.matrix4x4(0.234166, 0.424123, 0.874806, -67.2225, -0.730959, -0.516464, 0.446053, -90.3414, 0.640988, -0.743897, 0.189078, -4.39816, 0, 0, 0, 1),
            Qt.matrix4x4(0.0781128, 0.313643, 0.946322, -79.6752, -0.762549, -0.59266, 0.259371, -75.7438, 0.642198, -0.741877, 0.192874, -4.65642, 0, 0, 0, 1),
            Qt.matrix4x4(0.0776029, 0.31455, 0.946063, -77.1675, -0.762531, -0.592592, 0.259575, -75.7605, 0.64228, -0.741547, 0.193867, -4.73748, 0, 0, 0, 1),
            Qt.matrix4x4(0.606493, 0.0269656, 0.794632, -94.8029, -0.0293083, -0.997987, 0.0562356, -6.00245, 0.794549, -0.0573958, -0.604482, 99.2052, 0, 0, 0, 1),
            Qt.matrix4x4(0.603176, 0.0274434, 0.797136, -86.185, -0.0291638, -0.997981, 0.0564257, -6.02515, 0.797075, -0.0572821, -0.601157, 98.8085, 0, 0, 0, 1),
            Qt.matrix4x4(-0.0417045, 0.0208342, -0.998913, 94.9581, -0.147258, -0.988992, -0.0144793, -2.88146, -0.988218, 0.146494, 0.0443134, -14.8656, 0, 0, 0, 1),
            Qt.matrix4x4(-0.0388867, 0.0397036, -0.998455, 49.2521, -0.148027, -0.988414, -0.0335391, -1.94192, -0.988218, 0.146494, 0.0443134, -14.8656, 0, 0, 0, 1),
            Qt.matrix4x4(0.00464982, 0.0312114, -0.999502, 8.19416, -0.148037, -0.988478, -0.0315558, -1.9582, -0.988971, 0.14811, 2.41971e-05, -14.5166, 0, 0, 0, 1),
            Qt.matrix4x4(0.148037, 0.988478, 0.0315559, 15.5874, 0.00465052, 0.0312114, -0.999502, 1.6574, -0.988971, 0.14811, 2.35182e-05, -14.4727, 0, 0, 0, 1),
            Qt.matrix4x4(-0.044064, 0.0384685, -0.998288, 35.2722, -0.148036, -0.988478, -0.0315562, -2.0133, -0.988, 0.146392, 0.049251, -15.09, 0, 0, 0, 1),
            Qt.matrix4x4(-0.044064, 0.0384685, -0.998288, 21.3704, -0.148036, -0.988478, -0.0315562, -1.98575, -0.988, 0.146392, 0.049251, -15.0712, 0, 0, 0, 1),
            Qt.matrix4x4(-0.0467262, 0.020638, -0.998694, 79.6302, -0.147216, -0.989011, -0.01355, -2.95557, -0.988, 0.146391, 0.049251, -15.2595, 0, 0, 0, 1),
            Qt.matrix4x4(-0.0467262, 0.020638, -0.998694, 64.3798, -0.147216, -0.989011, -0.01355, -2.94139, -0.988, 0.146391, 0.049251, -15.1841, 0, 0, 0, 1),
            Qt.matrix4x4(-0.0417045, -0.0208342, 0.998913, -94.9581, -0.147258, 0.988992, 0.0144793, 2.8815, -0.988218, -0.146494, -0.0443134, 14.8656, 0, 0, 0, 1),
            Qt.matrix4x4(-0.0388867, -0.0397036, 0.998455, -49.2521, -0.148027, 0.988414, 0.0335391, 1.94196, -0.988218, -0.146494, -0.0443134, 14.8656, 0, 0, 0, 1),
            Qt.matrix4x4(0.00464982, -0.0312114, 0.999502, -8.19416, -0.148037, 0.988478, 0.0315558, 1.95824, -0.988971, -0.14811, -2.41971e-05, 14.5166, 0, 0, 0, 1),
            Qt.matrix4x4(0.148037, -0.988478, -0.0315559, -15.5875, 0.00465052, -0.0312114, 0.999502, -1.65741, -0.988971, -0.14811, -2.35182e-05, 14.4727, 0, 0, 0, 1),
            Qt.matrix4x4(-0.044064, -0.0384685, 0.998288, -35.2722, -0.148036, 0.988478, 0.0315562, 2.01334, -0.988, -0.146392, -0.049251, 15.09, 0, 0, 0, 1),
            Qt.matrix4x4(-0.044064, -0.0384685, 0.998288, -21.3704, -0.148036, 0.988478, 0.0315562, 1.98579, -0.988, -0.146392, -0.049251, 15.0713, 0, 0, 0, 1),
            Qt.matrix4x4(-0.0467262, -0.020638, 0.998694, -79.6303, -0.147216, 0.989011, 0.01355, 2.95561, -0.988, -0.146391, -0.049251, 15.2595, 0, 0, 0, 1),
            Qt.matrix4x4(-0.0467262, -0.020638, 0.998694, -64.3798, -0.147216, 0.989011, 0.01355, 2.94142, -0.988, -0.146391, -0.049251, 15.1841, 0, 0, 0, 1),
            Qt.matrix4x4(1, 0, 0, 0, 0, 1, 4.37114e-08, 0, 0, -4.37114e-08, 1, 0, 0, 0, 0, 1),
            Qt.matrix4x4(0.00569658, -0.0101175, 0.999933, -8.22747, -0.0904859, 0.995841, 0.0105916, 1.28624, -0.995881, -0.0905401, 0.0047574, 14.6087, 0, 0, 0, 1),
            Qt.matrix4x4(0.00569618, 0.0101176, -0.999933, 8.22746, -0.0904854, -0.995841, -0.0105916, -1.28619, -0.995881, 0.0905396, -0.00475699, -14.6087, 0, 0, 0, 1),
            Qt.matrix4x4(1, 0, 0, 0, 0, 1, 4.37114e-08, 0, 0, -4.37114e-08, 1, 0, 0, 0, 0, 1),
            Qt.matrix4x4(0.510157, 0.354178, 0.783771, -54.4577, -0.790588, -0.165741, 0.589491, -100.676, 0.338688, -0.920374, 0.195455, -18.473, 0, 0, 0, 1),
            Qt.matrix4x4(0.510157, -0.354178, -0.783771, 54.4575, -0.790588, 0.165741, -0.589491, 100.676, 0.338688, 0.920374, -0.195455, 18.4728, 0, 0, 0, 1),
            Qt.matrix4x4(0.510157, 0.354178, 0.783771, -54.4577, -0.790588, -0.165741, 0.589491, -100.676, 0.338688, -0.920374, 0.195455, -18.473, 0, 0, 0, 1),
            Qt.matrix4x4(1, 0, 0, 0, 0, 1, 4.37114e-08, 0, 0, -4.37114e-08, 1, 0, 0, 0, 0, 1),
            Qt.matrix4x4(1, 0, 0, 0, 0, 1, 4.37114e-08, 0, 0, -4.37114e-08, 1, 0, 0, 0, 0, 1)
        ]
    }

    // Nodes:
    Node {
        id: rootNode
        objectName: "RootNode"
        Node {
            id: skm_Quinn_Simple
            objectName: "SKM_Quinn_Simple"
            rotation: Qt.quaternion(0.707107, -0.707107, 0, 0)
            Node {
                id: root
                objectName: "root"
                Node {
                    id: pelvis
                    objectName: "pelvis"
                    position: Qt.vector3d(-1.4e-06, -2.37991, 98.7038)
                    rotation: Qt.quaternion(0.706749, -0.0224775, -0.706749, 0.0224775)
                    Node {
                        id: spine_01
                        objectName: "spine_01"
                        position: Qt.vector3d(2.47184, 9.53674e-07, -8.18813e-07)
                        rotation: Qt.quaternion(0.988601, 1.51688e-06, 1.11592e-06, -0.150557)
                        Node {
                            id: spine_02
                            objectName: "spine_02"
                            position: Qt.vector3d(4.98769, 1.14e-05, -1.7e-06)
                            rotation: Qt.quaternion(0.998223, -1.12665e-06, 4.25511e-07, 0.0595812)
                            Node {
                                id: spine_03
                                objectName: "spine_03"
                                position: Qt.vector3d(7.62576, -3.8e-06, 3.5e-06)
                                rotation: Qt.quaternion(0.995933, 1.22253e-06, -3.60083e-07, 0.0900952)
                                Node {
                                    id: spine_04
                                    objectName: "spine_04"
                                    position: Qt.vector3d(8.8504, 8.39e-05, -1.4e-06)
                                    rotation: Qt.quaternion(0.99725, 1.76145e-06, 1.309e-07, 0.0741095)
                                    Node {
                                        id: spine_05
                                        objectName: "spine_05"
                                        position: Qt.vector3d(17.4988, 4.19e-05, -2.1e-06)
                                        rotation: Qt.quaternion(0.999997, -1.90056e-06, -2.33952e-07, 0.00235065)
                                        Node {
                                            id: neck_01
                                            objectName: "neck_01"
                                            position: Qt.vector3d(11.9162, 9.15e-05, -4.4e-06)
                                            rotation: Qt.quaternion(0.975931, 1.00914e-06, -1.58992e-06, -0.21808)
                                            Node {
                                                id: neck_02
                                                objectName: "neck_02"
                                                position: Qt.vector3d(5.84884, -1.51437e-08, 0)
                                                rotation: Qt.quaternion(0.999986, -4.0512e-06, -2.17069e-07, 0.00527078)
                                                Node {
                                                    id: head
                                                    objectName: "head"
                                                    position: Qt.vector3d(5.75847, -3.8e-06, 5.2e-06)
                                                    rotation: Qt.quaternion(0.994213, 9.37699e-07, 3.00428e-07, 0.107423)
                                                }
                                            }
                                        }
                                        Node {
                                            id: clavicle_l
                                            objectName: "clavicle_l"
                                            position: Qt.vector3d(5.83232, 1.00618, -0.931368)
                                            rotation: Qt.quaternion(0.651812, 0.090021, 0.750644, -0.0597589)
                                            scale: Qt.vector3d(1, 1, 1)
                                            Node {
                                                id: upperarm_l
                                                objectName: "upperarm_l"
                                                position: Qt.vector3d(15.2861, -2e-05, -1.52e-05)
                                                rotation: Qt.quaternion(0.924358, -0.0250074, 0.380453, -0.0138707)
                                                scale: Qt.vector3d(1, 1, 1)
                                                Node {
                                                    id: lowerarm_l
                                                    objectName: "lowerarm_l"
                                                    position: Qt.vector3d(27.0904, -2.52e-05, 0)
                                                    rotation: Qt.quaternion(0.949147, 1.68309e-06, 8.44639e-07, -0.314834)
                                                    Node {
                                                        id: lowerarm_twist_02_l
                                                        objectName: "lowerarm_twist_02_l"
                                                        position: Qt.vector3d(8.69841, -2.67e-05, -6.1e-05)
                                                        rotation: Qt.quaternion(0.999998, 0.00124601, -0.00167458, 0.000585611)
                                                    }
                                                    Node {
                                                        id: lowerarm_twist_01_l
                                                        objectName: "lowerarm_twist_01_l"
                                                        position: Qt.vector3d(17.3968, -3.81e-05, -6.86e-05)
                                                        rotation: Qt.quaternion(0.999998, 0.00123896, -0.00167423, 0.000585624)
                                                    }
                                                    Node {
                                                        id: hand_l
                                                        objectName: "hand_l"
                                                        position: Qt.vector3d(26.0952, -1.52e-05, -7.6e-06)
                                                        rotation: Qt.quaternion(0.800134, -0.591993, 0.0539735, 0.0801075)
                                                        scale: Qt.vector3d(1, 1, 1)
                                                        Node {
                                                            id: middle_metacarpal_l
                                                            objectName: "middle_metacarpal_l"
                                                            position: Qt.vector3d(3.11663, -0.0677163, -0.36451)
                                                            rotation: Qt.quaternion(0.997894, 0.000412928, -0.0175956, -0.0624296)
                                                            scale: Qt.vector3d(1, 1, 1)
                                                            Node {
                                                                id: middle_01_l
                                                                objectName: "middle_01_l"
                                                                position: Qt.vector3d(5.56054, 0, 3.8e-06)
                                                                rotation: Qt.quaternion(0.977136, -0.0235391, -0.0432237, 0.206842)
                                                                Node {
                                                                    id: middle_02_l
                                                                    objectName: "middle_02_l"
                                                                    position: Qt.vector3d(4.91965, 1.52e-05, -1.71e-05)
                                                                    rotation: Qt.quaternion(0.986056, 0.000100785, 0.00423007, 0.166359)
                                                                    scale: Qt.vector3d(1, 1, 1)
                                                                    Node {
                                                                        id: middle_03_l
                                                                        objectName: "middle_03_l"
                                                                        position: Qt.vector3d(2.90205, -7.6e-06, -3.8e-06)
                                                                        rotation: Qt.quaternion(0.999689, -4.74582e-05, -0.00190931, 0.0248713)
                                                                        scale: Qt.vector3d(1, 1, 1)
                                                                    }
                                                                }
                                                            }
                                                        }
                                                        Node {
                                                            id: pinky_metacarpal_l
                                                            objectName: "pinky_metacarpal_l"
                                                            position: Qt.vector3d(2.98312, 0.242037, 1.9275)
                                                            rotation: Qt.quaternion(0.958499, -0.200406, -0.199637, 0.035538)
                                                            Node {
                                                                id: pinky_01_l
                                                                objectName: "pinky_01_l"
                                                                position: Qt.vector3d(4.7179, -7.6e-06, 3.8e-06)
                                                                rotation: Qt.quaternion(0.994711, 0.00131088, 0.00989521, 0.102232)
                                                                Node {
                                                                    id: pinky_02_l
                                                                    objectName: "pinky_02_l"
                                                                    position: Qt.vector3d(2.89334, -2.28e-05, 3.8e-06)
                                                                    rotation: Qt.quaternion(0.984353, -0.000585266, -0.00175148, 0.1762)
                                                                    scale: Qt.vector3d(1, 1, 1)
                                                                    Node {
                                                                        id: pinky_03_l
                                                                        objectName: "pinky_03_l"
                                                                        position: Qt.vector3d(1.79152, 3.05e-05, -1.52e-05)
                                                                        rotation: Qt.quaternion(0.999597, -2.4863e-05, -0.000732689, 0.0283926)
                                                                    }
                                                                }
                                                            }
                                                        }
                                                        Node {
                                                            id: ring_metacarpal_l
                                                            objectName: "ring_metacarpal_l"
                                                            position: Qt.vector3d(3.10861, 0.0603117, 0.801359)
                                                            rotation: Qt.quaternion(0.988431, -0.0906567, -0.116363, -0.035293)
                                                            Node {
                                                                id: ring_01_l
                                                                objectName: "ring_01_l"
                                                                position: Qt.vector3d(4.99274, 7.6e-06, 9.5e-06)
                                                                rotation: Qt.quaternion(0.987759, -0.00681906, 0.00576106, 0.155733)
                                                                scale: Qt.vector3d(1, 1, 1)
                                                                Node {
                                                                    id: ring_02_l
                                                                    objectName: "ring_02_l"
                                                                    position: Qt.vector3d(4.2514, 0, -1.33e-05)
                                                                    rotation: Qt.quaternion(0.973617, -0.000551312, 0.0038699, 0.228157)
                                                                    scale: Qt.vector3d(1, 1, 1)
                                                                    Node {
                                                                        id: ring_03_l
                                                                        objectName: "ring_03_l"
                                                                        position: Qt.vector3d(3.23483, -1.9e-05, 1.9e-06)
                                                                        rotation: Qt.quaternion(0.999179, -0.000134433, -0.00321559, 0.040373)
                                                                    }
                                                                }
                                                            }
                                                        }
                                                        Node {
                                                            id: thumb_01_l
                                                            objectName: "thumb_01_l"
                                                            position: Qt.vector3d(2.30998, 1.4519, -2.54707)
                                                            rotation: Qt.quaternion(0.744959, 0.580986, 0.32283, -0.0572031)
                                                            Node {
                                                                id: thumb_02_l
                                                                objectName: "thumb_02_l"
                                                                position: Qt.vector3d(4.63179, 7.6e-06, -1.52e-05)
                                                                rotation: Qt.quaternion(0.98302, 0.000483147, -0.055673, 0.17485)
                                                                Node {
                                                                    id: thumb_03_l
                                                                    objectName: "thumb_03_l"
                                                                    position: Qt.vector3d(2.7106, 3.8e-06, 0)
                                                                    rotation: Qt.quaternion(0.99731, 0.000140659, 0.00171586, 0.0732757)
                                                                }
                                                            }
                                                        }
                                                        Node {
                                                            id: index_metacarpal_l
                                                            objectName: "index_metacarpal_l"
                                                            position: Qt.vector3d(3.45267, 0.112796, -2.0519)
                                                            rotation: Qt.quaternion(0.98627, 0.154006, 0.0434616, -0.040791)
                                                            scale: Qt.vector3d(1, 1, 1)
                                                            Node {
                                                                id: index_01_l
                                                                objectName: "index_01_l"
                                                                position: Qt.vector3d(5.37689, -1.52e-05, -1.9e-06)
                                                                rotation: Qt.quaternion(0.981598, -0.0845705, -0.0534946, 0.162641)
                                                                scale: Qt.vector3d(1, 1, 1)
                                                                Node {
                                                                    id: index_02_l
                                                                    objectName: "index_02_l"
                                                                    position: Qt.vector3d(4.56453, 7.6e-06, -6.1e-06)
                                                                    rotation: Qt.quaternion(0.994777, 0.000344125, 0.00220665, 0.102046)
                                                                    scale: Qt.vector3d(1, 1, 1)
                                                                    Node {
                                                                        id: index_03_l
                                                                        objectName: "index_03_l"
                                                                        position: Qt.vector3d(2.48647, -7.6e-06, -6.6e-06)
                                                                        rotation: Qt.quaternion(1, 1.38753e-06, 0.000526507, -0.000106261)
                                                                    }
                                                                }
                                                            }
                                                        }
                                                    }
                                                }
                                                Node {
                                                    id: upperarm_twist_01_l
                                                    objectName: "upperarm_twist_01_l"
                                                    position: Qt.vector3d(9.03006, -2.38e-05, 2.28e-05)
                                                    rotation: Qt.quaternion(0.999998, 4.79009e-05, -0.002088, 0.000119149)
                                                }
                                                Node {
                                                    id: upperarm_twist_02_l
                                                    objectName: "upperarm_twist_02_l"
                                                    position: Qt.vector3d(18.0602, -3.95e-05, -7.6e-06)
                                                    rotation: Qt.quaternion(1, 1.13184e-05, -1.33159e-06, -1.19841e-06)
                                                }
                                            }
                                        }
                                        Node {
                                            id: clavicle_r
                                            objectName: "clavicle_r"
                                            position: Qt.vector3d(5.83186, 1.00628, 0.931354)
                                            rotation: Qt.quaternion(-0.059757, 0.750643, -0.0900192, -0.651813)
                                            Node {
                                                id: upperarm_r
                                                objectName: "upperarm_r"
                                                position: Qt.vector3d(-15.286, -1.02e-05, -0.0003967)
                                                rotation: Qt.quaternion(0.924358, -0.0250074, 0.380453, -0.0138707)
                                                scale: Qt.vector3d(1, 1, 1)
                                                Node {
                                                    id: lowerarm_r
                                                    objectName: "lowerarm_r"
                                                    position: Qt.vector3d(-27.0899, -1.9e-06, -1.52e-05)
                                                    rotation: Qt.quaternion(0.949147, 8.44639e-07, -1.68309e-06, -0.314834)
                                                    Node {
                                                        id: lowerarm_twist_02_r
                                                        objectName: "lowerarm_twist_02_r"
                                                        position: Qt.vector3d(-8.69852, -3.05e-05, -1.52e-05)
                                                        rotation: Qt.quaternion(0.999998, 0.00124551, -0.00167428, 0.000585213)
                                                    }
                                                    Node {
                                                        id: lowerarm_twist_01_r
                                                        objectName: "lowerarm_twist_01_r"
                                                        position: Qt.vector3d(-17.397, -4.19e-05, -2.28e-05)
                                                        rotation: Qt.quaternion(0.999998, 0.00124011, -0.00167408, 0.000585272)
                                                        scale: Qt.vector3d(1, 1, 1)
                                                    }
                                                    Node {
                                                        id: hand_r
                                                        objectName: "hand_r"
                                                        position: Qt.vector3d(-26.0955, -3.8e-06, 7.6e-06)
                                                        rotation: Qt.quaternion(0.800137, -0.591989, 0.053975, 0.0801041)
                                                        scale: Qt.vector3d(1, 1, 1)
                                                        Node {
                                                            id: middle_metacarpal_r
                                                            objectName: "middle_metacarpal_r"
                                                            position: Qt.vector3d(-3.11661, 0.0677165, 0.364205)
                                                            rotation: Qt.quaternion(0.997894, 0.000412928, -0.0175956, -0.0624296)
                                                            scale: Qt.vector3d(1, 1, 1)
                                                            Node {
                                                                id: middle_01_r
                                                                objectName: "middle_01_r"
                                                                position: Qt.vector3d(-5.56062, 2.28e-05, 3.62e-05)
                                                                rotation: Qt.quaternion(0.977136, -0.0235386, -0.0432237, 0.206843)
                                                                scale: Qt.vector3d(1, 1, 1)
                                                                Node {
                                                                    id: middle_02_r
                                                                    objectName: "middle_02_r"
