import QtQuick
import QtQuick3D

Node {
    id: node

    // Resources
    PrincipledMaterial {
        id: defaultMaterial_material
        objectName: "DefaultMaterial"
        baseColor: "#ffcccccc"
    }
    Skin {
        id: skin
        joints: [
            root,
            pelvis,
            spine_01,
            spine_02,
            spine_03,
            spine_04,
            spine_05,
            neck_01,
            neck_02,
            head,
            clavicle_l,
            upperarm_l,
            lowerarm_l,
            lowerarm_twist_02_l,
            lowerarm_twist_01_l,
            hand_l,
            index_metacarpal_l,
            index_01_l,
            index_02_l,
            index_03_l,
            middle_metacarpal_l,
            middle_01_l,
            middle_02_l,
            middle_03_l,
            thumb_01_l,
            thumb_02_l,
            thumb_03_l,
            pinky_metacarpal_l,
            pinky_01_l,
            pinky_02_l,
            pinky_03_l,
            ring_metacarpal_l,
            ring_01_l,
            ring_02_l,
            ring_03_l,
            upperarm_twist_01_l,
            upperarm_twist_02_l,
            clavicle_r,
            upperarm_r,
            lowerarm_r,
            lowerarm_twist_02_r,
            lowerarm_twist_01_r,
            hand_r,
            pinky_metacarpal_r,
            pinky_01_r,
            pinky_02_r,
            pinky_03_r,
            ring_metacarpal_r,
            ring_01_r,
            ring_02_r,
            ring_03_r,
            middle_metacarpal_r,
            middle_01_r,
            middle_02_r,
            middle_03_r,
            index_metacarpal_r,
            index_01_r,
            index_02_r,
            index_03_r,
            thumb_01_r,
            thumb_02_r,
            thumb_03_r,
            upperarm_twist_01_r,
            upperarm_twist_02_r,
            thigh_r,
            calf_r,
            foot_r,
            ball_r,
            calf_twist_02_r,
            calf_twist_01_r,
            thigh_twist_01_r,
            thigh_twist_02_r,
            thigh_l,
            calf_l,
            foot_l,
            ball_l,
            calf_twist_02_l,
            calf_twist_01_l,
            thigh_twist_01_l,
            thigh_twist_02_l,
            ik_foot_root,
            ik_foot_l,
            ik_foot_r,
            ik_hand_root,
            ik_hand_gun,
            ik_hand_l,
            ik_hand_r,
            interaction,
            center_of_mass
        ]
        inverseBindPoses: [
            Qt.matrix4x4(1, 0, 0, 0, 0, 1, 4.37114e-08, 0, 0, -4.37114e-08, 1, 0, 0, 0, 0, 1),
            Qt.matrix4x4(6.11093e-17, 0.063367, 0.99799, -95.5595, -6.51124e-17, 0.99799, -0.063367, 8.35299, -1, -6.11093e-17, 6.51125e-17, -6.38346e-15, 0, 0, 0, 1),
            Qt.matrix4x4(6.01429e-17, -0.187796, 0.982208, -98.1795, -4.97331e-17, 0.982208, 0.187796, -16.6868, -1, -6.01429e-17, 4.97331e-17, -5.07492e-15, 0, 0, 0, 1),
            Qt.matrix4x4(6.07279e-17, -0.128099, 0.991761, -105.791, -5.33885e-17, 0.991761, 0.128099, -10.3127, -1, -6.07279e-17, 5.33885e-17, -5.87389e-15, 0, 0, 0, 1),
            Qt.matrix4x4(6.11124e-17, 0.0625523, 0.998042, -112.931, -6.50626e-17, 0.998042, -0.0625523, 11.3375, -1, -6.11124e-17, 6.50626e-17, -7.63914e-15, 0, 0, 0, 1),
            Qt.matrix4x4(-2.61834e-07, 0.164244, 0.98642, -119.66, -7.6e-06, 0.98642, -0.164244, 23.6931, -1, -7.5398e-06, 9.89975e-07, -0.000184354, 0, 0, 0, 1),
            Qt.matrix4x4(6.02769e-17, 0.175963, 0.984397, -138.808, -7.20069e-17, 0.984397, -0.175963, 25.3457, -1, -6.02769e-17, 7.2007e-17, -1.0192e-14, 0, 0, 0, 1),
            Qt.matrix4x4(5.94664e-17, -0.238427, 0.97116, -148.024, -4.66329e-17, 0.97116, 0.238427, -37.9542, -1, -5.94664e-17, 4.66329e-17, -7.03255e-15, 0, 0, 0, 1),
            Qt.matrix4x4(4.14878e-08, -0.205865, 0.97858, -154.316, 1.60271e-06, 0.97858, 0.205865, -32.8197, -1, 1.55984e-06, 3.70542e-07, -5.8607e-05, 0, 0, 0, 1),
            Qt.matrix4x4(2.76429e-08, -4.37114e-08, 1, -162.575, -6.12323e-17, 1, 4.37114e-08, 0.663123, -1, -1.26954e-15, 2.76429e-08, -4.3e-06, 0, 0, 0, 1),
            Qt.matrix4x4(0.987223, 0.0458977, -0.152589, 20.8346, -0.0458858, 0.99894, 0.00360155, -2.1994, 0.152593, 0.00344616, 0.988283, -144.811, 0, 0, 0, 1),
            Qt.matrix4x4(0.576033, -0.0234136, -0.81709, 106.43, -0.0325918, 0.998137, -0.0515781, 5.47292, 0.816776, 0.0563411, 0.574197, -98.1161, 0, 0, 0, 1),
            Qt.matrix4x4(0.468297, -0.646062, -0.602744, 57.7054, 0.337007, 0.761202, -0.554073, 53.7338, 0.816776, 0.0563416, 0.574196, -98.1161, 0, 0, 0, 1),
            Qt.matrix4x4(0.504099, -0.617317, -0.60399, 47.4736, 0.33849, 0.784618, -0.519421, 49.7689, 0.794549, 0.0573954, 0.604481, -100.735, 0, 0, 0, 1),
            Qt.matrix4x4(0.504099, -0.617317, -0.60399, 38.3995, 0.33849, 0.784618, -0.519422, 50.0898, 0.794549, 0.0573954, 0.604481, -100.468, 0, 0, 0, 1),
            Qt.matrix4x4(0.457766, -0.62241, -0.634866, 34.6843, -0.645509, 0.258358, -0.718728, 109.974, 0.611366, 0.738821, -0.283504, 12.0112, 0, 0, 0, 1),
            Qt.matrix4x4(0.382825, -0.71421, -0.585959, 27.9902, -0.601402, 0.288799, -0.744923, 111.539, 0.701256, 0.637572, -0.318968, 11.7298, 0, 0, 0, 1),
            Qt.matrix4x4(0.112825, -0.541032, -0.833399, 64.5307, -0.703924, 0.548439, -0.451337, 93.5743, 0.701256, 0.637572, -0.318968, 11.4889, 0, 0, 0, 1),
            Qt.matrix4x4(-0.0718786, -0.381906, -0.921402, 82.4695, -0.709276, 0.669065, -0.221986, 74.8948, 0.701256, 0.637573, -0.318968, 11.4889, 0, 0, 0, 1),
            Qt.matrix4x4(-0.223884, -0.22783, -0.947612, 94.2073, -0.676842, 0.735931, -0.0170251, 55.8045, 0.701256, 0.637573, -0.318968, 11.4889, 0, 0, 0, 1),
            Qt.matrix4x4(0.484898, -0.630664, -0.605918, 26.8314, -0.670186, 0.177171, -0.720736, 110.689, 0.561894, 0.755561, -0.336752, 20.436, 0, 0, 0, 1),
            Qt.matrix4x4(0.0622255, -0.444548, -0.893591, 75.6185, -0.824866, 0.481148, -0.296804, 83.4486, 0.561894, 0.755561, -0.336753, 20.436, 0, 0, 0, 1),
            Qt.matrix4x4(-0.234319, -0.245042, -0.94077, 95.4627, -0.793328, 0.60752, 0.0393549, 53.0441, 0.561893, 0.755561, -0.336753, 20.436, 0, 0, 0, 1),
            Qt.matrix4x4(-0.368519, -0.135825, -0.919644, 100.787, -0.740587, 0.640842, 0.20212, 36.0909, 0.561894, 0.755561, -0.336753, 20.436, 0, 0, 0, 1),
            Qt.matrix4x4(-0.236777, -0.851722, -0.467446, 43.3196, 0.358044, 0.370769, -0.856933, 78.535, 0.903183, -0.370269, 0.217165, -70.9586, 0, 0, 0, 1),
            Qt.matrix4x4(-0.0457451, -0.648366, -0.759953, 64.3459, 0.477374, 0.654075, -0.58677, 52.1762, 0.877508, -0.389623, 0.279592, -76.5282, 0, 0, 0, 1),
            Qt.matrix4x4(0.0378453, -0.524937, -0.850299, 69.3894, 0.478066, 0.756726, -0.445891, 40.7458, 0.877508, -0.389624, 0.279593, -76.5282, 0, 0, 0, 1),
            Qt.matrix4x4(0.501659, -0.277141, -0.819469, 53.4956, -0.861505, -0.0741974, -0.502299, 93.8832, 0.0784049, 0.95796, -0.27598, 39.5277, 0, 0, 0, 1),
            Qt.matrix4x4(0.26354, -0.297, -0.917789, 70.569, -0.93037, 0.173116, -0.323174, 84.5245, 0.254867, 0.939053, -0.230697, 25.5092, 0, 0, 0, 1),
            Qt.matrix4x4(-0.0922014, -0.213889, -0.972497, 92.8845, -0.96257, 0.269127, 0.0320689, 54.5237, 0.254866, 0.939053, -0.230697, 25.5092, 0, 0, 0, 1),
            Qt.matrix4x4(-0.174366, -0.190034, -0.966169, 95.1835, -0.951125, 0.28647, 0.115306, 46.5365, 0.254867, 0.939053, -0.230697, 25.5092, 0, 0, 0, 1),
            Qt.matrix4x4(0.590605, -0.464833, -0.659632, 29.86, -0.730833, 0.0384791, -0.68147, 107.229, 0.342152, 0.884561, -0.31699, 30.3953, 0, 0, 0, 1),
            Qt.matrix4x4(0.156238, -0.384207, -0.909931, 73.8378, -0.882834, 0.358805, -0.303087, 84.4135, 0.442936, 0.850672, -0.283132, 20.9926, 0, 0, 0, 1),
            Qt.matrix4x4(-0.13914, -0.246752, -0.959038, 92.5555, -0.88569, 0.464187, 0.00906754, 57.4538, 0.442936, 0.850672, -0.283133, 20.9926, 0, 0, 0, 1),
            Qt.matrix4x4(-0.278479, -0.169641, -0.945341, 98.2912, -0.852207, 0.497573, 0.161755, 42.3339, 0.442936, 0.850672, -0.283133, 20.9926, 0, 0, 0, 1),
            Qt.matrix4x4(0.606493, -0.0269656, -0.794632, 93.3853, -0.0293077, 0.997987, -0.0562352, 6.02676, 0.794549, 0.057395, 0.604482, -101.697, 0, 0, 0, 1),
            Qt.matrix4x4(0.576033, -0.0234136, -0.81709, 87.9162, -0.0325918, 0.998137, -0.0515781, 5.47292, 0.816776, 0.0563411, 0.574197, -98.1161, 0, 0, 0, 1),
            Qt.matrix4x4(0.987223, -0.0458977, 0.152589, -20.8346, -0.0458858, -0.99894, -0.00360155, 2.19944, 0.152593, -0.00344616, -0.988283, 144.811, 0, 0, 0, 1),
            Qt.matrix4x4(0.576033, 0.0234136, 0.81709, -106.43, -0.0325918, -0.998137, 0.0515781, -5.47286, 0.816776, -0.0563411, -0.574197, 98.1159, 0, 0, 0, 1),
            Qt.matrix4x4(0.468297, 0.646062, 0.602744, -57.7054, 0.337007, -0.761202, 0.554073, -53.7338, 0.816776, -0.0563416, -0.574196, 98.1158, 0, 0, 0, 1),
            Qt.matrix4x4(0.504099, 0.617317, 0.60399, -47.4737, 0.33849, -0.784618, 0.519421, -49.7689, 0.794549, -0.0573954, -0.604481, 100.734, 0, 0, 0, 1),
            Qt.matrix4x4(0.504099, 0.617317, 0.60399, -38.3997, 0.33849, -0.784618, 0.519422, -50.0897, 0.794549, -0.0573954, -0.604481, 100.468, 0, 0, 0, 1),
            Qt.matrix4x4(0.457766, 0.62241, 0.634866, -34.6844, -0.645509, -0.258358, 0.718728, -109.974, 0.611366, -0.738821, 0.283504, -12.0113, 0, 0, 0, 1),
            Qt.matrix4x4(0.501659, 0.277141, 0.819469, -53.4953, -0.861505, 0.0741974, 0.502299, -93.8831, 0.0784049, -0.95796, 0.27598, -39.5276, 0, 0, 0, 1),
            Qt.matrix4x4(0.26354, 0.297, 0.917789, -70.569, -0.93037, -0.173116, 0.323174, -84.5244, 0.254867, -0.939053, 0.230697, -25.5092, 0, 0, 0, 1),
            Qt.matrix4x4(-0.0922014, 0.213889, 0.972497, -92.8844, -0.96257, -0.269127, -0.0320689, -54.5237, 0.254866, -0.939053, 0.230697, -25.5092, 0, 0, 0, 1),
            Qt.matrix4x4(-0.174366, 0.190034, 0.966169, -95.1834, -0.951125, -0.28647, -0.115306, -46.5365, 0.254867, -0.939053, 0.230697, -25.5092, 0, 0, 0, 1),
            Qt.matrix4x4(0.590605, 0.464833, 0.659632, -29.8602, -0.730833, -0.0384791, 0.68147, -107.229, 0.342152, -0.884561, 0.31699, -30.3954, 0, 0, 0, 1),
            Qt.matrix4x4(0.156238, 0.384207, 0.909931, -73.8378, -0.882834, -0.358805, 0.303087, -84.4135, 0.442936, -0.850672, 0.283132, -20.9926, 0, 0, 0, 1),
            Qt.matrix4x4(-0.13914, 0.246752, 0.959038, -92.5554, -0.88569, -0.464187, -0.00906754, -57.4538, 0.442936, -0.850672, 0.283133, -20.9926, 0, 0, 0, 1),
            Qt.matrix4x4(-0.278479, 0.169641, 0.945341, -98.2912, -0.852207, -0.497573, -0.161755, -42.334, 0.442936, -0.850672, 0.283133, -20.9926, 0, 0, 0, 1),
            Qt.matrix4x4(0.484898, 0.630664, 0.605918, -26.8316, -0.670186, -0.177171, 0.720736, -110.689, 0.561894, -0.755561, 0.336752, -20.4361, 0, 0, 0, 1),
            Qt.matrix4x4(0.0622255, 0.444548, 0.893591, -75.6185, -0.824866, -0.481148, 0.296804, -83.4486, 0.561894, -0.755561, 0.336753, -20.4361, 0, 0, 0, 1),
            Qt.matrix4x4(-0.234319, 0.245042, 0.94077, -95.4627, -0.793328, -0.60752, -0.0393549, -53.044, 0.561893, -0.755561, 0.336753, -20.436, 0, 0, 0, 1),
            Qt.matrix4x4(-0.368519, 0.135825, 0.919644, -100.787, -0.740587, -0.640842, -0.20212, -36.0909, 0.561894, -0.755561, 0.336753, -20.4361, 0, 0, 0, 1),
            Qt.matrix4x4(0.382825, 0.71421, 0.585959, -27.9903, -0.601402, -0.288799, 0.744923, -111.54, 0.701256, -0.637572, 0.318968, -11.7298, 0, 0, 0, 1),
            Qt.matrix4x4(0.112825, 0.541032, 0.833399, -64.5307, -0.703924, -0.548439, 0.451337, -93.5743, 0.701256, -0.637572, 0.318968, -11.4888, 0, 0, 0, 1),
            Qt.matrix4x4(-0.0718786, 0.381906, 0.921402, -82.4696, -0.709276, -0.669065, 0.221986, -74.8947, 0.701256, -0.637573, 0.318968, -11.4889, 0, 0, 0, 1),
            Qt.matrix4x4(-0.223884, 0.22783, 0.947612, -94.2073, -0.676842, -0.735931, 0.0170251, -55.8045, 0.701256, -0.637573, 0.318968, -11.4889, 0, 0, 0, 1),
            Qt.matrix4x4(-0.236777, 0.851722, 0.467446, -43.3194, 0.358044, -0.370769, 0.856933, -78.5346, 0.903183, 0.370269, -0.217165, 70.9585, 0, 0, 0, 1),
            Qt.matrix4x4(-0.0457451, 0.648366, 0.759953, -64.3459, 0.477374, -0.654075, 0.58677, -52.1762, 0.877508, 0.389623, -0.279592, 76.5282, 0, 0, 0, 1),
            Qt.matrix4x4(0.0378453, 0.524937, 0.850299, -69.3895, 0.478066, -0.756726, 0.445891, -40.7458, 0.877508, 0.389624, -0.279593, 76.5282, 0, 0, 0, 1),
            Qt.matrix4x4(0.606493, 0.0269656, 0.794632, -93.385, -0.0293077, -0.997987, 0.0562352, -6.02671, 0.794549, -0.057395, -0.604482, 101.697, 0, 0, 0, 1),
            Qt.matrix4x4(0.576033, 0.0234136, 0.81709, -87.9161, -0.0325918, -0.998137, 0.0515781, -5.47288, 0.816776, -0.0563411, -0.574197, 98.1161, 0, 0, 0, 1),
            Qt.matrix4x4(-0.0545238, -0.00127162, -0.998512, 92.8574, -0.146013, -0.98924, 0.00923286, -4.84189, -0.987779, 0.146299, 0.0537514, -14.5023, 0, 0, 0, 1),
            Qt.matrix4x4(-0.0415777, 0.0850343, -0.99551, 49.7497, -0.150213, -0.985579, -0.0779123, -0.503641, -0.987779, 0.146299, 0.0537513, -14.5023, 0, 0, 0, 1),
            Qt.matrix4x4(0.00465001, 0.0312114, -0.999502, 8.2689, -0.148037, -0.988478, -0.0315559, -0.852032, -0.988971, 0.14811, 2.40067e-05, -14.0783, 0, 0, 0, 1),
            Qt.matrix4x4(0.148037, 0.988478, 0.0315557, 16.0896, 0.00465026, 0.0312112, -0.999502, 1.25947, -0.988971, 0.14811, 2.37333e-05, -13.5393, 0, 0, 0, 1),
            Qt.matrix4x4(-0.0440639, 0.0384681, -0.998288, 35.6802, -0.148037, -0.988478, -0.0315558, -2.16036, -0.988, 0.146393, 0.0492509, -14.3796, 0, 0, 0, 1),
            Qt.matrix4x4(-0.0440639, 0.0384681, -0.998288, 21.6231, -0.148037, -0.988478, -0.0315558, -1.50619, -0.988, 0.146393, 0.0492509, -14.4806, 0, 0, 0, 1),
            Qt.matrix4x4(-0.0467262, 0.0206381, -0.998694, 78.5649, -0.147219, -0.989011, -0.01355, -3.05172, -0.987999, 0.146393, 0.049251, -14.1484, 0, 0, 0, 1),
            Qt.matrix4x4(-0.0467262, 0.0206381, -0.998694, 64.1217, -0.147219, -0.989011, -0.01355, -3.38132, -0.987999, 0.146393, 0.049251, -14.2135, 0, 0, 0, 1),
            Qt.matrix4x4(-0.0545238, 0.00127162, 0.998512, -92.8568, -0.146013, 0.98924, -0.00923286, 4.83257, -0.987779, -0.146299, -0.0537514, 14.5037, 0, 0, 0, 1),
            Qt.matrix4x4(-0.0415777, -0.0850343, 0.99551, -49.7483, -0.150213, 0.985579, 0.0779123, 0.494418, -0.987779, -0.146299, -0.0537513, 14.5037, 0, 0, 0, 1),
            Qt.matrix4x4(0.00465001, -0.0312114, 0.999502, -8.26801, -0.148037, 0.988478, 0.0315559, 0.842754, -0.988971, -0.14811, -2.40067e-05, 14.0798, 0, 0, 0, 1),
            Qt.matrix4x4(0.148037, -0.988478, -0.0315557, -16.0803, 0.00465026, -0.0312112, 0.999502, -1.25858, -0.988971, -0.14811, -2.37333e-05, 13.5409, 0, 0, 0, 1),
            Qt.matrix4x4(-0.0440639, -0.0384681, 0.998288, -35.6791, -0.148037, 0.988478, 0.0315558, 2.15109, -0.988, -0.146393, -0.0492509, 14.3433, 0, 0, 0, 1),
            Qt.matrix4x4(-0.0440639, -0.0384681, 0.998288, -21.6221, -0.148037, 0.988478, 0.0315558, 1.49691, -0.988, -0.146393, -0.0492509, 14.482, 0, 0, 0, 1),
            Qt.matrix4x4(-0.0467262, -0.0206381, 0.998694, -78.5641, -0.147219, 0.989011, 0.01355, 3.04242, -0.987999, -0.146393, -0.049251, 14.1498, 0, 0, 0, 1),
            Qt.matrix4x4(-0.0467262, -0.0206381, 0.998694, -64.1209, -0.147219, 0.989011, 0.01355, 3.37203, -0.987999, -0.146393, -0.049251, 14.2149, 0, 0, 0, 1),
            Qt.matrix4x4(1, 0, 0, 0, 0, 1, 4.37114e-08, 0, 0, -4.37114e-08, 1, 0, 0, 0, 0, 1),
            Qt.matrix4x4(0.00465001, -0.0312114, 0.999502, -8.26801, -0.148037, 0.988478, 0.0315559, 0.842753, -0.988971, -0.14811, -2.40067e-05, 14.0798, 0, 0, 0, 1),
            Qt.matrix4x4(0.00465001, 0.0312114, -0.999502, 8.2689, -0.148037, -0.988478, -0.0315559, -0.852032, -0.988971, 0.14811, 2.40067e-05, -14.0783, 0, 0, 0, 1),
            Qt.matrix4x4(1, 0, 0, 0, 0, 1, 4.37114e-08, 0, 0, -4.37114e-08, 1, 0, 0, 0, 0, 1),
            Qt.matrix4x4(0.457766, 0.62241, 0.634867, -34.6845, -0.645509, -0.258357, 0.718728, -109.974, 0.611366, -0.738821, 0.283504, -12.0114, 0, 0, 0, 1),
            Qt.matrix4x4(0.457766, -0.62241, -0.634866, 34.6843, -0.645509, 0.258357, -0.718728, 109.974, 0.611366, 0.738821, -0.283504, 12.0112, 0, 0, 0, 1),
            Qt.matrix4x4(0.457766, 0.62241, 0.634867, -34.6845, -0.645509, -0.258357, 0.718728, -109.974, 0.611366, -0.738821, 0.283504, -12.0114, 0, 0, 0, 1),
            Qt.matrix4x4(1, 0, 0, 0, 0, 1, 4.37114e-08, 0, 0, -4.37114e-08, 1, 0, 0, 0, 0, 1),
            Qt.matrix4x4(1, 0, 0, 0, 0, 1, 4.37114e-08, 0, 0, -4.37114e-08, 1, 0, 0, 0, 0, 1)
        ]
    }

    // Nodes:
    Node {
        id: rootNode
        objectName: "RootNode"
        Node {
            id: skm_Manny_Simple
            objectName: "SKM_Manny_Simple"
            rotation: Qt.quaternion(0.707107, -0.707107, 0, 0)
            Node {
                id: root
                objectName: "root"
                Node {
                    id: pelvis
                    objectName: "pelvis"
                    position: Qt.vector3d(0, -2.28087, 95.8968)
                    rotation: Qt.quaternion(0.706752, -0.0224137, -0.706751, 0.0224137)
                    Node {
                        id: spine_01
                        objectName: "spine_01"
                        position: Qt.vector3d(3.67705, 9.53674e-07, 9.11822e-07)
                        rotation: Qt.quaternion(0.992052, 1.48855e-06, 1.15344e-06, -0.125832)
                        Node {
                            id: spine_02
                            objectName: "spine_02"
                            position: Qt.vector3d(6.79506, 0, 0)
                            rotation: Qt.quaternion(0.999543, 0, 0, 0.0302286)
                            Node {
                                id: spine_03
                                objectName: "spine_03"
                                position: Qt.vector3d(7.23824, 2.7e-06, -3.2e-06)
                                rotation: Qt.quaternion(0.995441, -2.25962e-07, 1.41406e-07, 0.0953783)
                                Node {
                                    id: spine_04
                                    objectName: "spine_04"
                                    position: Qt.vector3d(8.52389, 0, 0)
                                    rotation: Qt.quaternion(0.99869, 3.86575e-06, 1.98095e-07, 0.0511766)
                                    Node {
                                        id: spine_05
                                        objectName: "spine_05"
                                        position: Qt.vector3d(19.4398, -1.78173e-07, 0)
                                        rotation: Qt.quaternion(0.999982, -4.04922e-06, 1.4329e-07, 0.00594631)
                                        Node {
                                            id: neck_01
                                            objectName: "neck_01"
                                            position: Qt.vector3d(11.8878, 0, 0)
                                            rotation: Qt.quaternion(0.978277, 1.57869e-06, 1.02661e-06, -0.207302)
                                            Node {
                                                id: neck_02
                                                objectName: "neck_02"
                                                position: Qt.vector3d(5.11026, 0, 0)
                                                rotation: Qt.quaternion(0.999861, -7.03884e-07, -2.26697e-07, 0.0166979)
                                                scale: Qt.vector3d(1, 1, 1)
                                                Node {
                                                    id: head
                                                    objectName: "head"
                                                    position: Qt.vector3d(4.91297, 0, 0)
                                                    rotation: Qt.quaternion(0.994631, 7.95705e-07, -8.27907e-08, 0.103488)
                                                    scale: Qt.vector3d(1, 1, 1)
                                                }
                                            }
                                        }
                                        Node {
                                            id: clavicle_l
                                            objectName: "clavicle_l"
                                            position: Qt.vector3d(5.51627, 1.31477, -1.4279)
                                            rotation: Qt.quaternion(0.649614, 0.0832811, 0.75456, -0.0412925)
                                            scale: Qt.vector3d(1, 1, 1)
                                            Node {
                                                id: upperarm_l
                                                objectName: "upperarm_l"
                                                position: Qt.vector3d(17.8095, 0, 0)
                                                rotation: Qt.quaternion(0.919641, -0.0199481, 0.391733, -0.0201907)
                                                Node {
                                                    id: lowerarm_l
                                                    objectName: "lowerarm_l"
                                                    position: Qt.vector3d(27.7711, 0, 0)
                                                    rotation: Qt.quaternion(0.942702, -8.11023e-07, 1.69955e-06, -0.333635)
                                                    Node {
                                                        id: lowerarm_twist_02_l
                                                        objectName: "lowerarm_twist_02_l"
                                                        position: Qt.vector3d(9.08369, 0, 0)
                                                        rotation: Qt.quaternion(0.99967, 0.0114775, -0.0148772, 0.0174948)
                                                        scale: Qt.vector3d(1, 1, 1)
                                                    }
                                                    Node {
                                                        id: lowerarm_twist_01_l
                                                        objectName: "lowerarm_twist_01_l"
                                                        position: Qt.vector3d(18.1674, 0, 0)
                                                        rotation: Qt.quaternion(0.99967, 0.0114775, -0.0148772, 0.0174948)
                                                        scale: Qt.vector3d(1, 1, 1)
                                                    }
                                                    Node {
                                                        id: hand_l
                                                        objectName: "hand_l"
                                                        position: Qt.vector3d(27.2511, 0, 0)
                                                        rotation: Qt.quaternion(0.829863, -0.557586, 0.0016781, 0.0205607)
                                                        scale: Qt.vector3d(1, 1, 1)
                                                        Node {
                                                            id: index_metacarpal_l
                                                            objectName: "index_metacarpal_l"
                                                            position: Qt.vector3d(3.44451, -0.384681, -2.37932)
                                                            rotation: Qt.quaternion(0.997523, 0.0289664, 0.0637042, -0.00711091)
                                                            scale: Qt.vector3d(1, 1, 1)
                                                            Node {
                                                                id: index_01_l
                                                                objectName: "index_01_l"
                                                                position: Qt.vector3d(5.8771, 0.0431815, 0.240876)
                                                                rotation: Qt.quaternion(0.979271, 0, 0, 0.202557)
                                                                Node {
                                                                    id: index_02_l
                                                                    objectName: "index_02_l"
                                                                    position: Qt.vector3d(4.08, 0, 0)
                                                                    rotation: Qt.quaternion(0.991567, 0, 0, 0.129596)
                                                                    Node {
                                                                        id: index_03_l
                                                                        objectName: "index_03_l"
                                                                        position: Qt.vector3d(2.595, 0, 0)
                                                                        rotation: Qt.quaternion(0.994041, 0, 0, 0.109009)
                                                                        scale: Qt.vector3d(1, 1, 1)
                                                                    }
                                                                }
                                                            }
                                                        }
                                                        Node {
                                                            id: middle_metacarpal_l
                                                            objectName: "middle_metacarpal_l"
                                                            position: Qt.vector3d(3.37583, -0.753571, -0.182864)
                                                            rotation: Qt.quaternion(0.999099, -0.0372932, -0.000386281, -0.0202583)
                                                            scale: Qt.vector3d(1, 1, 1)
                                                            Node {
                                                                id: middle_01_l
                                                                objectName: "middle_01_l"
                                                                position: Qt.vector3d(6.09821, 0, 0)
                                                                rotation: Qt.quaternion(0.962283, 0, 0, 0.272051)
                                                                Node {
                                                                    id: middle_02_l
                                                                    objectName: "middle_02_l"
                                                                    position: Qt.vector3d(5.169, 0, 0)
                                                                    rotation: Qt.quaternion(0.98362, 0, 0, 0.180255)
                                                                    Node {
                                                                        id: middle_03_l
                                                                        objectName: "middle_03_l"
                                                                        position: Qt.vector3d(2.474, 0, 0)
                                                                        rotation: Qt.quaternion(0.996195, 0, 0, 0.0871557)
                                                                        scale: Qt.vector3d(1, 1, 1)
                                                                    }
                                                                }
                                                            }
                                                        }
                                                        Node {
                                                            id: thumb_01_l
                                                            objectName: "thumb_01_l"
                                                            position: Qt.vector3d(1.99245, 1.3566, -2.58154)
                                                            rotation: Qt.quaternion(0.777193, 0.505192, 0.36913, -0.0670386)
                                                            Node {
                                                                id: thumb_02_l
                                                                objectName: "thumb_02_l"
                                                                position: Qt.vector3d(4.378, 0, 0)
                                                                rotation: Qt.quaternion(0.978786, 0.0335652, -0.0103023, 0.201856)
                                                                scale: Qt.vector3d(1, 1, 1)
                                                                Node {
                                                                    id: thumb_03_l
                                                                    objectName: "thumb_03_l"
                                                                    position: Qt.vector3d(3.086, 0, 0)
                                                                    rotation: Qt.quaternion(0.996195, 0, 0, 0.0871557)
                                                                    scale: Qt.vector3d(1, 1, 1)
                                                                }
                                                            }
                                                        }
                                                        Node {
                                                            id: pinky_metacarpal_l
                                                            objectName: "pinky_metacarpal_l"
                                                            position: Qt.vector3d(3.31438, -0.305917, 2.39111)
                                                            rotation: Qt.quaternion(0.955809, -0.218231, -0.188166, 0.0582861)
                                                            scale: Qt.vector3d(1, 1, 1)
                                                            Node {
                                                                id: pinky_01_l
                                                                objectName: "pinky_01_l"
                                                                position: Qt.vector3d(4.95757, -0.14312, -0.19884)
                                                                rotation: Qt.quaternion(0.987528, 0.0899842, 0.017016, 0.128066)
                                                                Node {
                                                                    id: pinky_02_l
                                                                    objectName: "pinky_02_l"
                                                                    position: Qt.vector3d(3.816, 0, 0)
                                                                    rotation: Qt.quaternion(0.982795, 0, 0, 0.184697)
                                                                    Node {
                                                                        id: pinky_03_l
                                                                        objectName: "pinky_03_l"
                                                                        position: Qt.vector3d(2.04, 0, 0)
                                                                        rotation: Qt.quaternion(0.99908, 0, 0, 0.0428957)
                                                                    }
                                                                }
                                                            }
                                                        }
                                                        Node {
                                                            id: ring_metacarpal_l
                                                            objectName: "ring_metacarpal_l"
                                                            position: Qt.vector3d(3.3743, -0.542517, 1.09176)
                                                            rotation: Qt.quaternion(0.987741, -0.116597, -0.100569, -0.0256608)
                                                            Node {
                                                                id: ring_01_l
                                                                objectName: "ring_01_l"
                                                                position: Qt.vector3d(5.64552, -0.0416245, -0.0206892)
                                                                rotation: Qt.quaternion(0.965715, 0.0542164, 0.0131772, 0.25354)
                                                                scale: Qt.vector3d(1, 1, 1)
                                                                Node {
                                                                    id: ring_02_l
                                                                    objectName: "ring_02_l"
                                                                    position: Qt.vector3d(4.977, 0, 0)
                                                                    rotation: Qt.quaternion(0.986337, 0, 0, 0.164738)
                                                                    scale: Qt.vector3d(1, 1, 1)
                                                                    Node {
                                                                        id: ring_03_l
                                                                        objectName: "ring_03_l"
                                                                        position: Qt.vector3d(2.265, 0, 0)
                                                                        rotation: Qt.quaternion(0.996801, 0, 0, 0.0799207)
                                                                    }
                                                                }
                                                            }
                                                        }
                                                    }
                                                }
                                                Node {
                                                    id: upperarm_twist_01_l
                                                    objectName: "upperarm_twist_01_l"
                                                    position: Qt.vector3d(9.25705, 0, 0)
                                                    rotation: Qt.quaternion(0.999819, -5.23812e-05, -0.0187902, -0.00285092)
                                                }
                                                Node {
                                                    id: upperarm_twist_02_l
                                                    objectName: "upperarm_twist_02_l"
                                                    position: Qt.vector3d(18.5141, 0, 0)
                                                }
                                            }
                                        }
                                        Node {
                                            id: clavicle_r
                                            objectName: "clavicle_r"
                                            position: Qt.vector3d(5.51622, 1.31481, 1.42787)
                                            rotation: Qt.quaternion(-0.0412886, 0.75456, -0.0832771, -0.649615)
                                            Node {
                                                id: upperarm_r
                                                objectName: "upperarm_r"
                                                position: Qt.vector3d(-17.8096, 2.7e-06, 0.0004378)
                                                rotation: Qt.quaternion(0.919641, -0.0199481, 0.391733, -0.0201907)
                                                Node {
                                                    id: lowerarm_r
                                                    objectName: "lowerarm_r"
                                                    position: Qt.vector3d(-27.7707, 0, 0)
                                                    rotation: Qt.quaternion(0.942703, 8.11023e-07, -1.69955e-06, -0.333634)
                                                    Node {
                                                        id: lowerarm_twist_02_r
                                                        objectName: "lowerarm_twist_02_r"
                                                        position: Qt.vector3d(-9.08364, 2.28e-05, -6.09e-05)
                                                        rotation: Qt.quaternion(0.99967, 0.0114775, -0.0148772, 0.0174948)
                                                        scale: Qt.vector3d(1, 1, 1)
                                                    }
                                                    Node {
                                                        id: lowerarm_twist_01_r
                                                        objectName: "lowerarm_twist_01_r"
                                                        position: Qt.vector3d(-18.1673, 0, 0)
                                                        rotation: Qt.quaternion(0.99967, 0.0114775, -0.0148772, 0.0174948)
                                                        scale: Qt.vector3d(1, 1, 1)
                                                    }
                                                    Node {
                                                        id: hand_r
                                                        objectName: "hand_r"
                                                        position: Qt.vector3d(-27.251, 0, 0)
                                                        rotation: Qt.quaternion(0.829863, -0.557586, 0.0016781, 0.0205607)
                                                        scale: Qt.vector3d(1, 1, 1)
                                                        Node {
                                                            id: pinky_metacarpal_r
                                                            objectName: "pinky_metacarpal_r"
                                                            position: Qt.vector3d(-3.31468, 0.305935, -2.39129)
                                                            rotation: Qt.quaternion(0.955809, -0.218231, -0.188166, 0.0582861)
                                                            scale: Qt.vector3d(1, 1, 1)
                                                            Node {
                                                                id: pinky_01_r
                                                                objectName: "pinky_01_r"
                                                                position: Qt.vector3d(-4.9573, 0.143261, 0.19892)
                                                                rotation: Qt.quaternion(0.987528, 0.0899842, 0.017016, 0.128066)
                                                                Node {
                                                                    id: pinky_02_r
                                                                    objectName: "pinky_02_r"
                                                                    position: Qt.vector3d(-3.81604, 3.02e-05, 3.26e-05)
                                                                    rotation: Qt.quaternion(0.982795, 0, 0, 0.184697)
                                                                    Node {
                                                                        id: pinky_03_r
                                                                        objectName: "pinky_03_r"
